PIDs:
  X:
    kp: 15
    kd: 20
    ki: 2.86
    minOutput: -10.0
    maxOutput: 10.0
    integratorMin: -0.0001
    integratorMax: 0.0001
  Y:
    kp: -15
    kd: -20
    ki: -2.86
    minOutput: -10.0
    maxOutput: 10.0
    integratorMin: -0.0001
    integratorMax: 0.0001
  Z:
    kp: 42692.24448
    kd: 55434.76858
    ki: 8219.695803
    minOutput: -40000
    maxOutput: 40000
    integratorMin: -0.0001
    integratorMax: 0.0001
  Yaw:
    kp: -200.0
    kd: -20.0
    ki: 0.0
    minOutput: -120.0
    maxOutput: 120.0
    integratorMin: 0.0
    integratorMax: 0.0
